          20

   6.5468957098456769E-011   1.2932585119413807E-010   1.8999831362552713E-010   2.4599238700720480E-010   2.9592931141883887E-010   3.3857947405026469E-010   3.7289268634972189E-010   3.9802404315137532E-010   4.1335472704457694E-010   4.1850724571225314E-010   4.1335472704457684E-010   3.9802404315137532E-010   3.7289268634972194E-010   3.3857947405026469E-010   2.9592931141883887E-010   2.4599238700720480E-010   1.8999831362552697E-010   1.2932585119413810E-010   6.5468957098456820E-011   1.2932585119413807E-010   2.5546727072398382E-010   3.7531823820134282E-010   4.8592762504436590E-010   5.8457186105746924E-010   6.6882199776856066E-010   7.3660351720163980E-010   7.8624741339429862E-010   8.1653128886362840E-010   8.2670945408915367E-010   8.1653128886362840E-010   7.8624741339429862E-010   7.3660351720163991E-010   6.6882199776856066E-010   5.8457186105746934E-010   4.8592762504436611E-010   3.7531823820134251E-010   2.5546727072398392E-010   1.2932585119413815E-010   1.8999831362552713E-010   3.7531823820134282E-010   5.5139658214282280E-010   7.1389771225160746E-010   8.5882031139408778E-010   9.8259590420884471E-010   1.0821767248131375E-009   1.1551107629138930E-009   1.1996021404388757E-009   1.2145553320150038E-009   1.1996021404388755E-009   1.1551107629138930E-009   1.0821767248131377E-009   9.8259590420884471E-010   8.5882031139408789E-010   7.1389771225160757E-010   5.5139658214282238E-010   3.7531823820134298E-010   1.8999831362552723E-010   2.4599238700720480E-010   4.8592762504436590E-010   7.1389771225160746E-010   9.2428926849254458E-010   1.1119217554029828E-009   1.2721750384386648E-009   1.4011031499210980E-009   1.4955314518577146E-009   1.5531348060652686E-009   1.5724948267885976E-009   1.5531348060652682E-009   1.4955314518577146E-009   1.4011031499210980E-009   1.2721750384386648E-009   1.1119217554029828E-009   9.2428926849254489E-010   7.1389771225160695E-010   4.8592762504436611E-010   2.4599238700720491E-010   2.9592931141883887E-010   5.8457186105746924E-010   8.5882031139408778E-010   1.1119217554029828E-009   1.3376439955371213E-009   1.5304290011152359E-009   1.6855297654832414E-009   1.7991271930724731E-009   1.8684241382074366E-009   1.8917142801155331E-009   1.8684241382074362E-009   1.7991271930724731E-009   1.6855297654832414E-009   1.5304290011152359E-009   1.3376439955371215E-009   1.1119217554029828E-009   8.5882031139408716E-010   5.8457186105746955E-010   2.9592931141883903E-010   3.3857947405026469E-010   6.6882199776856066E-010   9.8259590420884471E-010   1.2721750384386648E-009   1.5304290011152359E-009   1.7509987225816985E-009   1.9284530442666114E-009   2.0584224518329635E-009   2.1377066671227378E-009   2.1643534496262754E-009   2.1377066671227378E-009   2.0584224518329635E-009   1.9284530442666114E-009   1.7509987225816985E-009   1.5304290011152361E-009   1.2721750384386650E-009   9.8259590420884409E-010   6.6882199776856086E-010   3.3857947405026490E-010   3.7289268634972189E-010   7.3660351720163980E-010   1.0821767248131375E-009   1.4011031499210980E-009   1.6855297654832414E-009   1.9284530442666114E-009   2.1238914089314200E-009   2.2670325183168755E-009   2.3543517632518023E-009   2.3836990541299425E-009   2.3543517632518019E-009   2.2670325183168755E-009   2.1238914089314204E-009   1.9284530442666114E-009   1.6855297654832414E-009   1.4011031499210982E-009   1.0821767248131369E-009   7.3660351720164011E-010   3.7289268634972209E-010   3.9802404315137532E-010   7.8624741339429862E-010   1.1551107629138930E-009   1.4955314518577146E-009   1.7991271930724731E-009   2.0584224518329635E-009   2.2670325183168755E-009   2.4198207203502588E-009   2.5130249053240806E-009   2.5443500768773292E-009   2.5130249053240802E-009   2.4198207203502588E-009   2.2670325183168759E-009   2.0584224518329635E-009   1.7991271930724733E-009   1.4955314518577148E-009   1.1551107629138922E-009   7.8624741339429893E-010   3.9802404315137558E-010   4.1335472704457694E-010   8.1653128886362840E-010   1.1996021404388757E-009   1.5531348060652686E-009   1.8684241382074366E-009   2.1377066671227378E-009   2.3543517632518023E-009   2.5130249053240806E-009   2.6098190339757865E-009   2.6423507565182187E-009   2.6098190339757861E-009   2.5130249053240806E-009   2.3543517632518023E-009   2.1377066671227378E-009   1.8684241382074366E-009   1.5531348060652688E-009   1.1996021404388748E-009   8.1653128886362871E-010   4.1335472704457720E-010   4.1850724571225314E-010   8.2670945408915367E-010   1.2145553320150038E-009   1.5724948267885976E-009   1.8917142801155331E-009   2.1643534496262754E-009   2.3836990541299425E-009   2.5443500768773292E-009   2.6423507565182187E-009   2.6752879910742430E-009   2.6423507565182187E-009   2.5443500768773292E-009   2.3836990541299429E-009   2.1643534496262754E-009   1.8917142801155331E-009   1.5724948267885979E-009   1.2145553320150029E-009   8.2670945408915398E-010   4.1850724571225345E-010   4.1335472704457684E-010   8.1653128886362840E-010   1.1996021404388755E-009   1.5531348060652682E-009   1.8684241382074362E-009   2.1377066671227378E-009   2.3543517632518019E-009   2.5130249053240802E-009   2.6098190339757861E-009   2.6423507565182187E-009   2.6098190339757857E-009   2.5130249053240802E-009   2.3543517632518023E-009   2.1377066671227378E-009   1.8684241382074366E-009   1.5531348060652686E-009   1.1996021404388746E-009   8.1653128886362871E-010   4.1335472704457715E-010   3.9802404315137532E-010   7.8624741339429862E-010   1.1551107629138930E-009   1.4955314518577146E-009   1.7991271930724731E-009   2.0584224518329635E-009   2.2670325183168755E-009   2.4198207203502588E-009   2.5130249053240806E-009   2.5443500768773292E-009   2.5130249053240802E-009   2.4198207203502588E-009   2.2670325183168759E-009   2.0584224518329635E-009   1.7991271930724733E-009   1.4955314518577148E-009   1.1551107629138922E-009   7.8624741339429893E-010   3.9802404315137558E-010   3.7289268634972194E-010   7.3660351720163991E-010   1.0821767248131377E-009   1.4011031499210980E-009   1.6855297654832414E-009   1.9284530442666114E-009   2.1238914089314204E-009   2.2670325183168759E-009   2.3543517632518023E-009   2.3836990541299429E-009   2.3543517632518023E-009   2.2670325183168759E-009   2.1238914089314204E-009   1.9284530442666114E-009   1.6855297654832418E-009   1.4011031499210982E-009   1.0821767248131369E-009   7.3660351720164022E-010   3.7289268634972214E-010   3.3857947405026469E-010   6.6882199776856066E-010   9.8259590420884471E-010   1.2721750384386648E-009   1.5304290011152359E-009   1.7509987225816985E-009   1.9284530442666114E-009   2.0584224518329635E-009   2.1377066671227378E-009   2.1643534496262754E-009   2.1377066671227378E-009   2.0584224518329635E-009   1.9284530442666114E-009   1.7509987225816985E-009   1.5304290011152361E-009   1.2721750384386650E-009   9.8259590420884409E-010   6.6882199776856086E-010   3.3857947405026490E-010   2.9592931141883887E-010   5.8457186105746934E-010   8.5882031139408789E-010   1.1119217554029828E-009   1.3376439955371215E-009   1.5304290011152361E-009   1.6855297654832414E-009   1.7991271930724733E-009   1.8684241382074366E-009   1.8917142801155331E-009   1.8684241382074366E-009   1.7991271930724733E-009   1.6855297654832418E-009   1.5304290011152361E-009   1.3376439955371217E-009   1.1119217554029830E-009   8.5882031139408737E-010   5.8457186105746955E-010   2.9592931141883913E-010   2.4599238700720480E-010   4.8592762504436611E-010   7.1389771225160757E-010   9.2428926849254489E-010   1.1119217554029828E-009   1.2721750384386650E-009   1.4011031499210982E-009   1.4955314518577148E-009   1.5531348060652688E-009   1.5724948267885979E-009   1.5531348060652686E-009   1.4955314518577148E-009   1.4011031499210982E-009   1.2721750384386650E-009   1.1119217554029830E-009   9.2428926849254510E-010   7.1389771225160715E-010   4.8592762504436621E-010   2.4599238700720496E-010   1.8999831362552697E-010   3.7531823820134251E-010   5.5139658214282238E-010   7.1389771225160695E-010   8.5882031139408716E-010   9.8259590420884409E-010   1.0821767248131369E-009   1.1551107629138922E-009   1.1996021404388748E-009   1.2145553320150029E-009   1.1996021404388746E-009   1.1551107629138922E-009   1.0821767248131369E-009   9.8259590420884409E-010   8.5882031139408737E-010   7.1389771225160715E-010   5.5139658214282197E-010   3.7531823820134267E-010   1.8999831362552708E-010   1.2932585119413810E-010   2.5546727072398392E-010   3.7531823820134298E-010   4.8592762504436611E-010   5.8457186105746955E-010   6.6882199776856086E-010   7.3660351720164011E-010   7.8624741339429893E-010   8.1653128886362871E-010   8.2670945408915398E-010   8.1653128886362871E-010   7.8624741339429893E-010   7.3660351720164022E-010   6.6882199776856086E-010   5.8457186105746955E-010   4.8592762504436621E-010   3.7531823820134267E-010   2.5546727072398403E-010   1.2932585119413820E-010   6.5468957098456820E-011   1.2932585119413815E-010   1.8999831362552723E-010   2.4599238700720491E-010   2.9592931141883903E-010   3.3857947405026490E-010   3.7289268634972209E-010   3.9802404315137558E-010   4.1335472704457720E-010   4.1850724571225345E-010   4.1335472704457715E-010   3.9802404315137558E-010   3.7289268634972214E-010   3.3857947405026490E-010   2.9592931141883913E-010   2.4599238700720496E-010   1.8999831362552708E-010   1.2932585119413820E-010   6.5468957098456872E-011
